125
119
111
0
78
66
52
0
25
15
7
0
0
1
5
0
23
36
49
0
78
92
103
0
121
125
126
0
119
111
0
100
73
59
0
45
16
4
0
0
12
28
0
47
90
108
0
120
125
116
0
102
61
39
0
22
0
1
0
8
40
0
62
82
117
0
125
126
107
0
89
69
27
0
11
2
5
0
12
21
47
0
61
75
102
0
112
120
125
126
125
120
112
102
89
76
61
47
33
22
12
64
1
0
0
0
1
3
5
9
13
18
23
29
36
42
49
56
64
71
78
85
92
98
104
109
114
118
121
124
125
126
126
126
124
122
119
115
111
106
100
94
87
81
73
66
59
52
45
32
20
11
4
0
0
2
8
17
29
41
55
70
84
97
108
117
123
126
126
122
115
106
95
81
67
53
39
26
15
7
2
0
1
5
12
23
35
48
63
77
91
103
113
121
125
126
124
114
98
79
57
36
18
6
0
1
10
24
43
65
87
104
118
126
125
118
104
86
64
44
19
3
0
9
29
57
86
109
124
126
114
94
74
52
31
15
4
0
3
13
29
49
71
91
109
121
126
124
115
100
80
60
38
20
7
0
1
9
23
41
63
85
104
117
125
126
122
115
105
93
80
66
51
37
25
15
6
1
0
1
6
13
24
36
49
64
79
92
104
114
121
125
126
124
119
111
100
87
73
59
44
31
19
10
4
0
0
3
9
18
27
33
40
47
54
61
68
76
83
89
96
102
64
64
64
64
64
64
64
64
64
64
64
64
64
64
64
64
64
64
64
64
64
64
64
64
64
64
64
64
64
64
64
64
64
64
64
64
64
64
64
64
64
64
64
64
110
115
119
122
124
126
126
126
125
124
64
64
64
64
64
64
64
64
64
64
64
64
64
64
64
64
64
64
64
64
64
64
121
117
113
108
103
97
91
84
77
70
64
64
64
64
64
64
64
64
64
64
64
64
64
64
64
64
64
64
64
64
64
64
64
64
64
64
64
64
64
64
64
64
64
64
60
53
45
39
32
26
20
15
11
7
4
64
64
64
64
64
64
64
64
64
64
64
64
1
0
0
0
2
4
7
11
16
21
26
32
39
46
53
60
67
75
81
88
95
101
106
115
122
126
126
124
117
109
98
85
70
56
42
29
18
9
3
0
0
4
10
20
32
45
59
71
78
85
92
98
104
109
114
118
121
124
125
126
126
124
119
110
100
87
0
34
77
123
42
88
4
50
98
19
64
112
33
81
126
45
91
10
53
99
18
62
103
20
63
107
21
65
108
25
66
110
26
70
111
29
75
121
38
83
2
48
91
7
51
94
9
52
96
12
54
97
14
58
99
15
59
103
17
60
104
21
62
105
22
66
107
23
67
111
25
68
112
29
68
110
24
65
104
19
60
101
11
50
89
1
38
77
116
28
65
105
17
56
93
5
44
83
120
32
71
110
19
56
92
2
37
74
111
21
56
92
2
39
74
111
21
58
93
2
39
76
111
21
58
95
2
39
77
116
26
65
104
16
53
92
4
44
81
120
32
71
108
20
58
95
3
40
77
113
21
58
94
2
34
69
104
11
44
79
113
21
54
88
123
30
63
98
5
40
73
107
15
50
82
117
25
59
110
57
64
71
78
85
92
98
104
109
114
118
121
124
125
126
124
118
110
99
87
72
58
44
31
19
10
3
0
0
3
9
18
30
42
57
71
86
98
109
118
124
126
126
122
115
105
93
80
65
51
37
25
14
10
6
3
1
0
0
0
1
3
6
9
14
18
24
30
36
43
50
57
64
64
79
86
92
98
104
109
114
118
121
124
126
126
124
118
109
98
85
71
56
43
30
18
9
3
0
0
4
10
19
31
45
58
73
85
92
98
104
109
114
118
121
124
125
126
64
126
124
122
119
115
110
105
100
93
87
80
73
66
58
51
44
37
31
25
19
14
10
7
4
64
64
64
64
64
64
64
64
64
64
64
64
64
64
64
64
64
64
64
64
64
64
64
64
64
64
64
64
64
64
64
64
64
64
64
64
64
64
64
64
64
64
64
64
64
64
64
64
64
64
64
64
64
64
64
64
1
0
0
0
1
3
6
9
13
18
23
29
36
43
49
58
73
87
99
110
119
124
126
125
121
114
104
92
78
64
50
36
20
7
0
1
9
23
41
63
84
103
117
125
126
119
106
88
67
45
26
11
2
0
5
17
35
56
77
97
113
123
126
122
111
94
74
53
27
7
0
5
22
48
75
102
120
126
120
102
75
46
76
106
11
46
81
115
21
56
89
121
25
57
90
121
23
53
83
113
15
43
71
99
125
26
54
82
108
9
37
64
89
114
13
39
63
89
114
13
37
63
87
110
5
29
52
75
95
116
10
31
49
68
87
106
122
12
29
45
60
75
89
104
117
5
19
34
47
60
73
85
96
109
121
6
17
30
42
54
67
82
96
110
124
11
26
40
54
68
83
97
111
125
13
27
41
55
70
84
98
112
0
14
30
47
63
80
96
112
2
19
35
51
68
86
104
123
15
34
52
71
88
105
121
11
27
44
60
76
93
110
125
15
32
48
64
81
98
117
8
27
46
63
79
96
112
2
16
30
45
59
73
87
102
116
3
17
31
46
60
74
88
112
104
79
50
24
6
0
6
25
52
79
105
122
126
118
99
71
42
19
3
0
10
30
58
87
111
124
125
114
92
65
36
13
1
1
14
37
66
93
115
126
124
110
86
57
29
10
0
3
20
43
72
99
117
125
126
120
107
90
69
47
27
12
2
0
5
16
33
54
76
95
112
123
126
123
112
96
75
55
34
16
4
0
2
12
27
46
68
89
107
120
126
125
116
102
83
61
40
22
8
0
0
7
21
40
61
82
101
116
125
126
120
107
89
69
47
27
12
2
0
4
16
33
54
75
96
112
123
126
123
113
96
76
54
34
16
5
0
2
11
27
47
68
89
107
120
126
125
116
102
83
62
40
21
8
1
0
8
21
40
61
83
101
116
125
126
120
108
89
68
48
27
12
2
0
4
16
97
112
1
17
34
51
66
83
100
116
5
22
39
55
71
87
101
116
2
17
31
46
59
74
88
103
116
4
18
33
45
57
69
81
93
105
117
3
14
26
38
49
66
125
120
113
102
90
77
62
50
38
26
15
7
1
0
1
5
13
23
35
49
63
76
84
90
97
102
108
113
117
120
123
125
126
126
64
64
64
64
64
64
64
64
64
64
64
64
64
126
124
122
119
115
111
106
100
94
87
81
74
66
56
42
29
17
8
3
0
0
4
10
20
32
45
59
74
88
101
111
119
124
126
125
118
104
85
64
43
24
9
1
0
6
20
37
58
80
100
115
124
126
121
110
92
71
49
30
13
3
0
3
14
31
52
72
93
110
122
126
124
114
98
79
57
36
19
10
3
0
0
3
9
19
30
43
57
72
86
98
110
118
124
126
126
122
114
105
93
79
65
51
37
24
14
6
1
0
1
6
14
29
50
71
92
109
121
126
124
115
99
81
59
37
19
7
0
1
9
23
42
64
86
104
119
126
121
104
78
49
23
6
0
7
26
51
80
106
122
126
118
98
70
43
18
3
0
10
31
65
100
121
126
109
78
44
14
0
6
30
65
99
122
126
110
79
42
14
0
6
31
64
99
122
125
110
79
43
13
0
6
31
66
98
121
125
109
80
43
14
0
6
30
65
100
121
126
109
78
44
14
0
4
25
59
94
119
126
113
84
48
18
1
4
28
68
108
126
116
83
40
7
1
21
62
103
125
120
89
46
11
0
16
55
97
123
123
95
52
16
0
12
48
89
120
125
101
61
21
1
4
25
59
94
119
126
114
85
48
18
1
20
45
79
110
126
121
99
64
40
22
8
1
0
7
21
40
61
82
101
116
125
126
120
107
82
55
27
8
0
4
21
47
76
101
120
126
120
102
76
47
21
5
0
8
27
53
82
107
123
126
117
96
68
41
16
2
0
11
33
61
90
112
125
125
112
90
62
33
11
1
0
6
19
36
58
79
99
114
32
42
54
66
78
90
102
114
126
11
23
35
47
59
72
87
101
116
4
21
37
54
70
87
103
120
6
21
35
47
59
71
81
91
100
110
120
3
13
23
33
40
48
55
63
71
78
86
94
101
109
116
124
5
11
16
21
26
29
33
36
41
46
52
57
62
68
74
82
90
96
101
107
113
121
1
8
13
19
25
33
41
48
56
63
73
82
92
102
112
119
108
112
117
120
123
125
126
126
125
123
121
117
113
108
103
97
91
84
77
70
63
56
48
41
35
29
23
17
13
9
3
0
0
4
11
20
32
45
60
74
88
94
100
106
111
115
119
122
124
126
126
126
125
123
121
117
113
108
103
97
91
84
77
70
63
56
48
41
35
29
23
17
13
9
5
3
1
0
0
4
11
21
33
47
60
75
89
102
112
120
125
126
125
120
112
102
90
76
62
47
34
25
19
14
10
6
3
1
0
0
0
63
63
127
63
63
127
63
127
63
63
127
63
127
63
77
90
102
113
121
125
126
125
119
112
101
88
74
61
41
22
8
1
0
7
21
46
67
88
106
120
126
125
117
102
84
63
41
23
10
0
2
17
42
69
97
117
126
122
106
81
52
26
10
1
0
5
18
35
57
77
97
114
124
126
122
111
94
74
52
31
15
4
0
3
13
29
49
71
86
99
110
118
124
126
126
121
114
105
93
79
64
51
37
24
14
6
1
0
1
6
14
24
64
44
51
58
65
72
79
86
93
99
105
110
115
127
63
127
127
63
63
64
64
64
64
64
64
64
64
64
64
64
64
64
125
123
120
117
113
108
103
97
91
84
77
69
63
55
48
41
35
28
22
17
12
8
5
2
1
0
1
6
13
23
36
50
64
78
92
104
114
121
126
124
115
99
79
58
37
0
6
0
1
0
24
43
70
0
117
126
122
0
81
52
26
0
0
5
22
0
78
104
121
0
119
100
0
74
20
4
0
0
29
56
0
82
117
125
0
126
107
89
0
69
27
11
0
2
5
17
0
33
76
96
0
112
126
0
123
112
75
0
53
34
4
0
0
2
27
0
47
68
107
0
120
2
22
0
28
33
41
0
45
50
58
64
72
78
85
91
96
101
108
114
124
8
21
35
51
66
83
101
120
14
33
49
68
88
111
6
28
50
74
99
0
28
56
82
108
8
36
62
90
118
17
41
67
92
117
13
35
56
77
97
118
12
32
50
66
83
100
115
4
20
36
52
69
87
106
122
12
29
48
66
84
100
115
1
15
26
35
42
47
53
58
63
69
72
77
82
89
97
104
110
117
126
8
16
23
29
37
44
56
63
63
127
63
127
127
63
127
63
63
127
63
127
127
63
39
60
82
101
116
124
126
120
108
91
70
48
28
13
5
1
0
1
7
15
26
38
52
67
81
94
105
110
115
118
122
124
126
126
126
126
124
122
118
113
102
90
77
62
47
34
22
12
5
1
0
2
7
15
26
39
53
67
82
95
107
116
64
125
126
126
126
124
122
119
115
110
105
64
93
87
80
73
66
58
51
44
37
31
64
64
64
64
64
64
64
64
64
64
64
64
64
64
20
15
11
7
4
2
0
0
0
1
3
5
9
64
64
64
64
64
64
64
64
64
64
64
64
64
12
16
22
28
34
40
47
54
62
69
76
83
90
64
102
108
113
117
120
123
125
126
126
126
125
123
120
116
112
107
101
95
89
82
75
68
61
54
46
40
64
27
21
16
11
8
4
2
0
0
0
1
2
5
8
12
23
34
48
62
77
90
103
113
121
125
126
125
119
112
101
88
74
60
46
32
20
11
4
0
0
2
8
17
28
46
68
89
107
120
126
125
116
103
83
62
40
22
8
1
0
7
21
40
61
82
101
116
125
126
120
104
78
50
24
6
0
6
25
51
80
105
122
126
120
108
90
68
46
28
12
2
0
4
16
38
67
94
115
126
123
109
85
56
28
9
0
4
20
44
73
100
119
126
121
103
77
49
23
5
0
7
25
52
81
105
122
126
117
98
71
42
17
3
0
11
32
59
87
111
125
125
113
91
63
36
13
1
2
15
38
127
63
127
63
127
63
127
63
127
63
127
63
127
63
127
63
63
127
63
127
63
127
63
127
63
127
127
63
127
63
127
63
127
63
127
63
63
127
63
127
63
127
63
127
63
63
127
63
127
63
63
127
63
127
63
63
127
63
127
127
63
127
127
63
127
127
63
63
127
63
63
127
63
63
127
127
63
63
127
127
63
63
127
127
63
63
63
127
127
63
63
63
127
127
63
63
63
127
127
63
127
103
79
50
23
5
0
6
25
52
80
105
122
126
118
99
79
57
37
19
6
0
1
9
24
44
64
86
105
120
126
121
103
77
49
23
5
0
7
26
53
82
106
122
126
117
98
70
41
17
3
0
11
32
59
88
111
125
125
112
82
45
16
0
5
28
61
96
120
126
112
82
46
15
0
5
35
78
113
126
111
73
32
4
3
30
70
108
126
115
82
38
7
1
22
63
104
125
119
88
45
10
0
17
56
98
123
122
94
51
11
1
29
79
117
124
94
44
7
3
36
86
121
122
87
37
4
5
35
78
113
126
111
73
33
4
3
29
69
108
126
115
82
39
7
1
24
73
115
125
99
50
9
2
30
80
119
123
93
43
5
4
37
87
122
121
86
63
127
127
63
63
127
127
63
63
127
127
63
63
127
127
63
63
127
63
63
127
63
63
127
63
63
127
127
63
127
127
63
127
63
63
127
63
63
127
63
63
127
63
127
127
63
63
127
63
63
127
127
63
127
127
63
63
127
63
63
127
63
63
127
63
127
127
63
127
127
63
127
63
63
127
63
127
63
127
63
63
127
63
127
63
127
127
63
127
63
63
127
63
127
127
63
127
63
63
127
63
63
127
63
63
127
63
63
127
63
63
127
63
63
127
127
63
63
127
127
63
63
127
127
63
63
127
127
63
63
127
127
63
63
127
127
63
63
127
127
63
63
127
127
63
63
127
63
63
127
127
63
63
127
127
63
63
127
127
63
63
127
115
126
100
51
9
1
29
79
118
124
94
44
6
3
36
86
122
123
97
55
16
0
11
46
89
119
125
102
61
23
1
7
40
80
111
126
121
98
63
29
5
0
15
45
81
102
123
20
46
72
100
125
23
49
77
104
7
37
66
91
117
15
41
65
88
109
3
23
43
59
76
88
96
102
105
109
113
120
1
9
16
21
26
31
41
53
67
83
98
115
5
21
36
51
64
75
85
98
112
0
17
35
51
66
77
86
93
102
110
116
122
0
7
22
28
39
62
87
107
118
15
40
58
76
89
95
100
109
120
3
15
28
41
56
73
89
105
122
13
29
48
69
90
110
4
26
49
72
95
120
17
40
65
91
117
14
40
63
86
109
4
25
46
66
85
104
123
15
36
56
75
91
108
125
14
30
47
64
80
96
113
2
19
33
47
62
76
90
104
119
6
20
34
49
63
77
91
106
120
7
21
35
50
64
79
95
112
1
17
34
51
68
87
106
126
19
40
61
82
102
123
17
36
54
73
93
114
7
28
48
67
85
103
122
14
32
51
70
89
107
126
17
34
49
66
83
99
115
5
22
38
54
71
86
101
114
2
16
31
44
59
73
88
101
116
3
16
27
39
63
63
127
127
127
63
63
127
127
127
63
63
63
127
127
127
63
63
63
63
127
127
127
127
63
63
63
63
127
127
127
127
127
63
63
63
63
63
127
127
127
127
127
63
63
63
63
63
127
127
127
127
127
63
63
63
63
63
63
127
127
127
127
127
127
127
127
127
127
127
127
127
127
127
127
63
63
63
63
63
63
63
63
63
63
127
127
127
127
127
127
127
127
127
127
127
127
127
127
127
127
127
127
127
127
65
92
114
126
124
111
87
58
30
10
0
3
19
42
71
99
118
126
122
105
79
53
33
15
4
0
2
12
28
47
69
90
108
120
126
125
116
101
82
60
39
21
7
0
1
8
22
41
63
83
102
117
125
126
120
106
88
68
46
26
11
2
0
5
17
34
55
77
97
113
123
126
122
112
95
74
53
33
16
4
0
2
12
28
48
69
90
108
121
126
125
116
101
82
60
39
20
7
0
1
8
22
41
62
84
102
120
126
119
102
75
46
20
4
0
8
28
54
83
108
123
126
116
95
67
40
16
2
1
12
34
62
91
112
125
125
111
89
61
33
11
0
2
17
41
69
96
117
126
117
90
54
21
2
2
22
55
89
116
126
116
90
54
21
2
2
21
54
90
116
126
116
89
55
22
2
2
21
54
90
117
126
117
89
53
22
2
2
22
53
89
117
126
110
72
29
3
3
31
73
111
126
114
78
35
6
127
127
127
127
127
127
127
127
63
63
63
63
63
63
63
63
63
63
63
63
127
127
127
127
127
127
63
63
63
63
63
63
63
63
63
127
127
127
127
127
127
127
127
127
63
63
63
63
127
127
127
127
63
63
63
63
127
127
127
63
63
63
127
127
127
63
63
63
127
127
127
63
63
127
127
63
63
63
127
127
63
63
127
127
63
63
127
127
63
63
127
127
63
63
127
127
63
63
127
127
127
63
63
127
127
127
63
63
127
127
127
63
63
127
127
63
63
127
127
63
63
127
127
63
63
127
127
63
63
127
127
63
63
127
127
63
63
127
127
63
63
127
127
63
63
127
127
63
63
127
127
63
63
127
127
63
63
63
127
127
127
63
63
63
127
127
63
63
63
127
127
127
63
63
127
127
127
63
63
127
127
127
63
63
127
127
63
63
127
127
63
63
127
127
63
63
127
127
63
63
127
127
127
63
63
127
127
63
63
127
127
127
63
63
127
127
63
63
127
127
63
63
63
127
127
63
63
127
127
63
22
53
89
116
126
117
90
54
21
2
2
21
54
88
116
126
116
90
55
22
2
2
21
54
90
116
126
116
89
55
22
2
2
21
53
89
117
126
117
89
54
22
2
2
26
66
106
126
117
85
42
9
0
19
59
100
125
121
91
48
12
0
15
52
95
122
124
97
55
18
0
11
46
87
119
125
103
64
23
1
7
37
80
115
126
109
71
29
2
3
31
74
111
126
114
77
34
6
1
26
65
98
121
126
110
80
44
14
0
5
30
65
99
121
126
110
79
45
18
3
0
10
31
59
87
110
124
125
113
92
64
36
13
1
1
13
29
49
71
92
109
121
126
124
115
100
81
59
37
20
7
0
1
9
23
42
64
84
103
118
125
126
119
106
87
67
45
25
10
2
0
5
18
35
56
78
98
113
123
126
122
111
94
73
51
32
15
4
0
3
13
29
49
70
91
109
121
126
124
115
100
81
59
38
19
7
0
1
9
23
49
79
104
121
126
119
99
73
44
19
3
0
9
30
57
85
109
124
126
115
94
65
37
15
1
1
14
35
64
92
114
125
124
110
86
59
31
10
0
3
18
43
72
100
122
125
108
78
42
12
0
7
32
67
101
122
125
108
76
42
13
0
7
35
78
114
126
111
73
30
3
3
30
72
110
126
115
79
36
7
1
24
65
104
125
118
86
45
10
0
19
56
98
124
121
94
51
14
0
13
50
92
122
124
99
58
18
0
9
43
86
118
126
105
64
25
1
6
37
78
114
126
110
73
31
3
3
29
71
110
126
115
80
37
6
1
24
65
105
125
119
86
43
10
1
30
79
117
124
93
43
7
3
36
86
121
122
86
36
4
6
43
93
123
119
80
30
2
9
50
99
125
115
72
24
0
13
57
105
126
110
65
19
0
18
64
110
126
105
58
14
0
23
72
0
126
100
51
0
1
29
79
0
124
94
44
0
0
20
60
0
124
121
91
0
13
0
15
0
94
122
0
123
56
18
0
0
44
88
0
119
104
63
0
22
7
38
0
81
126
109
0
70
3
4
0
32
111
0
126
113
40
0
11
0
33
0
69
102
125
0
107
75
12
0
0
8
68
0
102
123
107
0
75
39
0
0
8
34
70
102
123
125
106
76
40
11
0
8
34
69
103
123
125
107
74
40
11
0
8
33
69
102
123
125
107
75
39
12
0
8
34
68
102
123
125
107
75
39
11
0
8
34
70
102
123
125
106
76
40
11
0
8
34
69
103
123
125
107
74
40
11
0
4
20
45
74
101
119
126
121
103
78
49
23
5
0
7
26
53
80
106
122
126
118
97
70
41
18
3
0
11
31
59
88
111
124
125
113
90
64
35
13
1
1
15
39
67
94
115
126
123
109
84
56
28
9
0
4
21
45
74
101
119
126
121
103
77
49
23
5
0
7
26
52
81
106
122
126
117
98
70
41
17
3
0
6
18
35
57
78
98
114
124
126
122
111
94
73
51
31
15
3
0
2
7
16
27
39
53
68
82
95
107
116
123
126
126
123
117
108
96
83
69
55
41
27
16
8
2
0
0
4
11
21
33
46
61
75
89
101
112
120
125
126
125
120
112
102
90
76
61
48
34
22
12
5
1
0
2
7
16
27
40
53
68
82
96
107
116
123
126
126
123
117
107
96
83
69
54
41
28
16
8
2
0
0
4
11
21
33
47
60
75
89
102
112
120
125
126
125
120
112
102
64
81
74
67
60
52
45
38
32
26
20
15
11
7
4
2
0
0
0
1
3
5
9
13
18
30
43
57
71
85
98
110
118
124
126
126
122
115
105
93
80
66
51
37
25
14
6
64
0
0
0
2
4
7
11
15
20
26
32
38
45
52
59
67
74
81
88
94
100
106
111
116
119
122
124
126
126
126
125
123
121
117
113
108
103
97
91
84
78
70
64
56
49
42
35
29
23
17
13
9
5
3
1
0
0
0
2
4
7
11
15
64
26
32
38
45
52
59
67
74
81
88
94
100
106
111
115
119
122
124
126
126
126
